0.930645305
1.02147463
1.113635878
1.206724109
1.299181394
1.388830676
1.474150216
1.555015905
1.632049196
1.705119156
1.772521916
1.831787029
1.881412122
1.921789781
1.954320967
1.979544989
1.996175802
2.002067473
1.996175802
1.979544989
1.954320967
1.921789781
1.881412122
1.831787029
1.772521916
1.705119156
1.632049196
1.555015905
1.474150216
1.388830676
1.299181394
1.206724109
1.113635878
1.02147463
0.930645305
0.841000871
0.752827691
0.667210601
0.585530239
0.508717927
0.437010352
0.370325089
